>> x=[2 3 4;5 6 4; 9 8 7]

x =

     2     3     4
     5     6     4
     9     8     7

>> x(:,2)

ans =

     3
     6
     8

>> x(:,1)

ans =

     2
     5
     9

>> x(:,3)

ans =

     4
     4
     7

>> (x(:,1)*2)+(x(:,2)*3)+(x(:,3)*4)

ans =

    29
    44
    70

>> x

x =

     2     3     4
     5     6     4
     9     8     7

>> (x(:,1)*2)

ans =

     4
    10
    18

>> x(1:2,:)

ans =

     2     3     4
     5     6     4

>> x(1,:)

ans =

     2     3     4

>> x(2,:)

ans =

     5     6     4

>> x(3,:)

ans =

     9     8     7

>> (x(1,:)*2)+(x(2,:)*3)+(x(3,:)*4)

ans =

    55    56    48

>> 
y=unique(x)

y =

     2
     3
     4
     5
     6
     7
     8
     9

>> x

x =

     2     3     4
     5     6     4
     9     8     7

>> unique(x(1:2,:)
 unique(x(1:2,:)
                ?
Error: Invalid expression. When calling a function or indexing a variable, use
parentheses. Otherwise, check for mismatched delimiters.
 
Did you mean:
>> unique(x(1:2,:))

ans =

     2
     3
     4
     5
     6

>> unique(x(:,1:2))

ans =

     2
     3
     5
     6
     8
     9

>> x

x =

     2     3     4
     5     6     4
     9     8     7

>> w=unique(x(1:2,:))

w =

     2
     3
     4
     5
     6
 w'

ans =

     2     3     4     5     6
>> x

x =

     2     3     4
     5     6     4
     9     8     7

>> [C ia]=max(x,[],2)

C =

     4
     6
     9


ia =

     3
     2
     1

>> [C ia]=x
Insufficient number of outputs from right hand side of equal sign to satisfy
assignment.
 
>> [C ia]=max(x)

C =

     9     8     7


ia =

     3     3     3

>> x

x =

     2     3     4
     5     6     4
     9     8     7

>> unique(x)

ans =

     2
     3
     4
     5
     6
     7
     8
     9

>> [C ia]=unique(x)

C =

     2
     3
     4
     5
     6
     7
     8
     9


ia =

     1
     4
     7
     2
     5
     9
     6
     3

>> x

x =

     2     3     4
     5     6     4
     9     8     7

>> >> [C ia ib]=unique(x)

C =

     2
     3
     4
     5
     6
     7
     8
     9


ia =

     1
     4
     7
     2
     5
     9
     6
     3


ib =

     1
     4
     8
     2
     5
     7
     3
     3
     6

>> x

x =

     2     3     4
     5     6     4
     9     8     7
>> ia'

ans =

     1     4     7     2     5     9     6     3

>> ib'

ans =

     1     4     8     2     5     7     3     3     6

>> C'

ans =

     2     3     4     5     6     7     8     9

>> x

x =

     2     3     4
     5     6     4
     9     8     7

>> [C ia ib]=unique(x)

C = unique value(order)
ia = Position of C in x matrix column base
ib = Position of x matrix based on C

>> [x;2 3 4]

ans =

     2     3     4
     5     6     4
     9     8     7
     2     3     4

>> C=unique(x, 'rows')

C =

     2     3     4
     5     6     4
     9     8     7

>> x

x =

     2     3     4
     5     6     4
     9     8     7

>> x'

ans =

     2     5     9
     3     6     8
     4     4     7

>> x=[x;2 3 4]

x =

     2     3     4
     5     6     4
     9     8     7
     2     3     4

>> x'

ans =

     2     5     9     2
     3     6     8     3
     4     4     7     4
unique(x', 'rows')

ans =

     2     5     9     2
     3     6     8     3
     4     4     7     4
>> x

x =

     2     3     4
     5     6     4
     9     8     7
     2     3     4

>> ismember(5,x)

ans =

  logical

   1

>> ismember(1,x)

ans =

  logical

   0

>> ismember(x,7)

ans =

  4×3 logical array

   0   0   0
   0   0   0
   0   0   1
   0   0   0

>> a=[2 3 4]

a =

     2     3     4

>> ismember(a,x)

ans =

  1×3 logical array

   1   1   1

>> [C ia]=ismember(a,x)

C =

  1×3 logical array

   1   1   1


ia =

     1     5     9

>> [a';2]

ans =

     2
     3
     4
     2

>> a

a =

     2     3     4

>> a'

ans =

     2
     3
     4

>> a'=[a';2]
 a'=[a';2]
   ?
Error: Incorrect use of '=' operator. To assign a value to a variable, use '='. To
compare values for equality, use '=='.
 
>> C=[a';2]

C =

     2
     3
     4
     2

>> C'

ans =

     2     3     4     2

>> [C ia]=ismember(C',x)

C =

  1×4 logical array

   1   1   1   1


ia =

     1     5     9     1

>> 


>> x

x =

     2     3     4
     5     6     4
     9     8     7
     2     3     4

>> ismember(5,x)

ans =

  logical

   1

>> ismember(1,x)

ans =

  logical

   0

>> ismember(x,7)

ans =

  4×3 logical array

   0   0   0
   0   0   0
   0   0   1
   0   0   0

>> a=[2 3 4]

a =

     2     3     4

>> ismember(a,x)

ans =

  1×3 logical array

   1   1   1

>> [C ia]=ismember(a,x)

C =

  1×3 logical array

   1   1   1


ia =

     1     5     9

>> [a';2]

ans =

     2
     3
     4
     2

>> a

a =

     2     3     4

>> a'

ans =

     2
     3
     4

>> a'=[a';2]
 a'=[a';2]
   ?
Error: Incorrect use of '=' operator. To assign a value to a variable, use '='. To
compare values for equality, use '=='.
 
>> C=[a';2]

C =

     2
     3
     4
     2

>> C'

ans =

     2     3     4     2

>> [C ia]=ismember(C',x)

C =

  1×4 logical array

   1   1   1   1


ia =

     1     5     9     1







>> x

x =

     2     3     4
     5     6     4
     9     8     7
     2     3     4

>> x(:,1)

ans =

     2
     5
     9
     2

>> x(:,3)

ans =

     4
     4
     7
     4

>> x(3:,)
 x(3:,)
     ?
Error: Invalid expression. When calling a function or indexing a variable, use parentheses.
Otherwise, check for mismatched delimiters.
 
>> x(3,:)

ans =

     9     8     7

>> x(1:3,:)

ans =

     2     3     4
     5     6     4
     9     8     7

>> x(1:2,:)

ans =

     2     3     4
     5     6     4

>> x(2:3,:)

ans =

     5     6     4
     9     8     7

>> x(:,2)

ans =

     3
     6
     8
     3

>> x(:,1)

ans =

     2
     5
     9
     2

>> x(:,1:1)

ans =

     2
     5
     9
     2

>> x(:,1:2)

ans =

     2     3
     5     6
     9     8
     2     3

>> >> x'

ans =

     2     5     9     2
     3     6     8     3
     4     4     7     4

>> x

x =

     2     3     4
     5     6     4
     9     8     7
     2     3     4

>> y=x';
>> [C ia]=ismember([4 4 7 4], y , 'rows')

C =

  logical

   1


ia =

     3

>> [C ia]=ismember([4 4 7 4], y(2,:) , 'rows')

C =

  logical

   0


ia =

     0
>> 
>> x

x =

     2     3     4
     5     6     4
     9     8     7
     2     3     4

>> y=[ 9 8 7];
>> isequal(x,y)

ans =

  logical

   0

>> isequal(x(3,:),y))
 isequal(x(3,:),y))
                  ?
Error: Invalid expression. When calling a function or indexing a variable, use parentheses.
Otherwise, check for mismatched delimiters.
 
>> isequal(x(3,:),y)

ans =

  logical

   1

>> isequal(x(3,:),y,x(3,:)
 isequal(x(3,:),y,x(3,:)
                        ?
Error: Invalid expression. When calling a function or indexing a variable, use parentheses.
Otherwise, check for mismatched delimiters.
 
Did you mean:
>> isequal(x(3,:),y,x(3,:))

ans =

  logical

   1

>> isequal(x(3,:),y,x(2,:))

ans =

  logical

   0

>> >> A=[1:2:20; 11:2:30; 21:2:40; 31:2:50; 41:2:60; 51:2:70; 61:2:80; 71:2:90; 81:2:100]

